0.0
0.44135097242104959
1.8907777567851736
2.4300512426999012
1.7514492004601443
1.2412777909308079
4.9697661030655684
4.1361229636271624
3.3727000000211866
2.7140944965431069
2.1466810327639516
4.6110364917321025
3.8174862443527497
3.1125593827420932
2.4868557547227224
2.3628594931593878
2.4357189171822808
2.5217890145371138
2.6153387795697984
2.7310281945755719
2.8830107413475119
3.0276827086917986
3.2112704669550434
3.6655469724760787
3.6288479223398555
3.8617693021561292
4.1000466396337814
4.4003584388677348
4.5801183732102677
4.8149179086304921
5.0356738555671683
5.2478430560233162
5.4409563850490832
5.6129761505192421
5.9121867513961872
5.9024009369050816
6.0419564224147626
6.1157640440274941
6.2005236459001463
6.2647440359984001
6.319735232424744
6.3617620869153786
6.4195437521175993
6.4604569686997202
6.5189450782070653
6.5927855066643115
6.6769894901512767
6.9871706195482819
7.0299031583073903
7.0384610208638367
7.1964922482973144
7.3601728293587678
7.5745469335891995
7.7315081575653046
7.9214083712080967
8.1037560881217168
8.2979022482911908
8.4715823722279033
8.6400953265625837
8.7860657477153161
8.9222378159335776
9.0260040347634511
9.1198660041073385
9.1938070162019692
9.2504463145499933
9.2957688749402632
9.3274046629891956
9.3589143598749267
9.3684810391761975
9.3833527777949506
9.4115001056921326
9.4376679903603353
9.4852073643150163
9.5349377071041719
9.6007970067352737
9.686748485002326
9.7839165793938552
9.899515504716776
10.028051995737664
10.16293904632167
10.307586290149434
10.447164009300922
10.587777341135377
10.725157891661
10.844833342075685
10.965191528429674
11.060466226506463
11.148931119935419
11.209105445341903
11.264263060865186
11.295499258974958
11.317049218967492
11.330401883654877
11.331976890283872
11.331688450949649
11.334513711042938
11.332075449485711
11.333879162205339
11.348309633304462
11.370973662064372
